BASE_MVA 100
BUS 9
BRANCH 9
GEN 3
SHUNT 3

1 3 0.00000 0.00000 0.00000 0.00000 1 1.00000 0.00000 345.00000 1 1.10000 0.90000
2 2 0.00000 0.00000 0.00000 0.00000 1 1.00000 0.00000 345.00000 1 1.10000 0.90000
3 2 0.00000 0.00000 0.00000 0.00000 1 1.00000 0.00000 345.00000 1 1.10000 0.90000
4 1 0.00000 0.00000 0.00000 0.00000 1 1.00000 0.00000 345.00000 1 1.10000 0.90000
5 1 90.00000 30.00000 0.00000 0.00000 1 1.00000 0.00000 345.00000 1 1.10000 0.90000
6 1 0.00000 0.00000 0.00000 0.00000 1 1.00000 0.00000 345.00000 1 1.10000 0.90000
7 1 100.00000 35.00000 0.00000 0.00000 1 1.00000 0.00000 345.00000 1 1.10000 0.90000
8 1 0.00000 0.00000 0.00000 0.00000 1 1.00000 0.00000 345.00000 1 1.10000 0.90000
9 1 125.00000 50.00000 0.00000 0.00000 1 1.00000 0.00000 345.00000 1 1.10000 0.90000

1 4 0.00000 0.05760 0.00000 250.00000 250.00000 250.00000
4 5 0.01700 0.09200 0.15800 250.00000 250.00000 250.00000
5 6 0.03900 0.17000 0.35800 150.00000 150.00000 150.00000
3 6 0.00000 0.05860 0.00000 300.00000 300.00000 300.00000
6 7 0.01190 0.10080 0.20900 150.00000 150.00000 150.00000
7 8 0.00850 0.07200 0.14900 250.00000 250.00000 250.00000
8 2 0.00000 0.06250 0.00000 250.00000 250.00000 250.00000
8 9 0.03200 0.16100 0.30600 250.00000 250.00000 250.00000
9 4 0.01000 0.08500 0.17600 250.00000 250.00000 250.00000

1 0.00000 0.00000 300.00000 -300.00000 1.00000 100.00000 1 250.00000 10.00000
2 163.00000 0.00000 300.00000 -300.00000 1.00000 100.00000 1 300.00000 10.00000
3 85.00000 0.00000 300.00000 -300.00000 1.00000 100.00000 1 270.00000 10.00000

5 90.00000 30.00000
7 100.00000 35.00000
9 125.00000 50.00000
